70
0 5 8.24621 13 19.2094 15 8.60233 12.3693 9.48683 16.4012 12.0416 5.38516 14.0357 12.2066 13.1529 12.6491 4 19.4165 7.28011 11.4018 16.0312 16.2788 2.82843 12.3693 16.4012 14.0357 7.07107 11.7047 6.40312 13.6015 5.83095 8.48528 7.2111 3.60555 10.7703 11.7047 7.07107 3.60555 9.05539 15.2315 8.06226 5.09902 9.21954 10.0499 10.4403 10.6301 13.0384 13.8924 11.3137 7.28011 14.4222 9.21954 10.0499 14 10.4403 5 12.0416 7 6.7082 10 13.6015 10.198 3.60555 13.8924 17.0294 5.38516 12.53 9.05539 8.60233 14.3178 
5 0 6.40312 9.05539 14.4222 10.2956 3.60555 9.05539 7.81025 11.4018 9.48683 10.2956 12.083 7.61577 9.05539 12.0416 4.12311 14.7648 4.47214 10.6301 13.3417 13.0384 5.38516 11.4018 11.6619 11.4018 5 7.07107 2 8.60233 10.8167 3.60555 3 5.09902 6.08276 11.3137 2.23607 8.48528 6.7082 14.8661 4 9.84886 7.07107 8.60233 6 5.65685 13.6015 8.94427 6.40312 7.2111 9.43398 4.24264 7.2111 11.7047 9.89949 8 7.2111 5.65685 10 5.38516 8.94427 6.08276 1.41421 14.2127 12.0416 5.09902 8.24621 7.81025 11.1803 11.0454 
8.24621 6.40312 0 14.3178 17.4642 14.0357 7.07107 14.8661 1.41421 13 15.6525 13 18.3576 12.0416 6.40312 18.4391 10 18.2483 10.8167 17.0294 19.3132 18.6815 6 17.8045 15.1327 17.4642 11.4018 6.7082 8.06226 10.4403 13.0384 8.24621 8.94427 5 6.32456 17.6918 7.61577 10.0499 13.0384 21.2603 9.84886 13.0384 1 15 5.38516 9 19.8494 9.84886 10 13.4536 10.7703 8.06226 2.23607 17.8885 16.2788 13 11 12.0416 14.8661 10.198 13 4.47214 6.40312 20.5183 13.9284 3 13.1529 14.2127 16.5529 16.7631 
13 9.05539 14.3178 0 7.61577 4 7.28011 2 15.5242 8.24621 4 17.2047 6.32456 2.82843 12.8062 9 9.43398 7.2111 5.83095 8.06226 5.65685 4.47214 14.3178 8 5.09902 4.47214 6.40312 10 7.07107 7.2111 18.0278 6.08276 6.08276 14.1421 9.43398 9.05539 7 16.5529 5 11.1803 5.09902 16.4012 14.5602 6.32456 10.2956 5.83095 12.0416 8.60233 5 8.60233 8.06226 6.32456 13.9284 5.38516 8.24621 12.7279 4.24264 7.07107 14.2127 4.12311 3.16228 11.1803 10.198 12 8.06226 14 1.41421 6.7082 13.8924 2.82843 
19.2094 14.4222 17.4642 7.61577 0 4.24264 11.1803 9.48683 18.2483 5.09902 11.4018 24.0416 13.0384 7.07107 13.0384 16.2788 16.2788 1.41421 12.8062 15.5242 11.0454 9.05539 19.7231 15.2971 2.82843 11.0454 13.6015 11.0454 12.8062 7.07107 24.7588 10.8167 12.0416 19.2354 11.1803 16.4924 12.2066 22.8035 12.53 18.0278 11.3137 23.3452 17.2627 13.9284 12.1655 8.94427 19.4165 8 8.06226 16.1245 7 10.2956 16.1245 12.0416 15.8114 20 7.2111 14.4222 21.6333 9.21954 5.65685 13.1529 15.8114 19.2354 4.12311 18.3848 7.2111 14.3178 21.4709 9.05539 
15 10.2956 14.0357 4 4.24264 0 7.28011 6 15 4.47214 8 19.799 10.198 2.82843 10.7703 13 12.0416 4.47214 8.60233 12.0416 8.94427 7.2111 15.6525 12 1.41421 8.24621 9.43398 8.24621 8.60233 4.47214 20.5183 6.7082 7.81025 15.2315 8.06226 13.0384 8.06226 18.6011 8.544 15.1327 7.07107 19.105 14 10.198 9.05539 5.09902 16.0312 5.83095 4.12311 12.083 5 6.32456 13.0384 9.21954 12.1655 15.8114 3.16228 10.2956 17.4929 5 1.41421 10.0499 11.6619 16 4.12311 14.5602 3.16228 10.4403 17.4642 6.32456 
8.60233 3.60555 7.07107 7.28011 11.1803 7.28011 0 8.06226 8.24621 7.81025 9.21954 13.8924 12.0416 5 6.7082 13.0384 7.07107 11.7047 5.38516 11.6619 12.53 11.7047 8.60233 12.2066 8.544 10.8167 6.32456 4.12311 3 5 14.4222 1.41421 3.16228 8.06226 3.16228 12.53 2 12.0416 7.2111 15.8114 3.60555 13.4164 7.28011 9.43398 3.60555 2.23607 15.2315 5.38516 3.16228 9.21954 5.83095 1 6.7082 11.4018 11.1803 11.1803 4.12311 7.28011 13.1529 3.16228 6.08276 4.24264 5 15.6525 8.48528 7.28011 6.08276 8.94427 14 9.84886 
12.3693 9.05539 14.8661 2 9.48683 6 8.06226 0 16.1555 10.198 2 16.1245 4.47214 4.47214 14.1421 7 8.544 8.94427 5.09902 6.08276 4.47214 4 14.0357 6 7.07107 2.82843 5.38516 11.3137 7.07107 8.94427 17 6.7082 6.08276 14 10.6301 7.07107 7.28011 15.8114 3.60555 9.21954 5.09902 15.2643 15.2315 4.47214 11.4018 7.07107 10.0499 10.2956 6.40312 7.07107 9.84886 7.2111 14.7648 3.60555 6.32456 11.4018 5.83095 5.83095 12.7279 5 5.09902 12.2066 10 10 10.0499 14.1421 3.16228 5 12.2066 2 
9.48683 7.81025 1.41421 15.5242 18.2483 15 8.24621 16.1555 0 13.6015 17 14.0357 19.7231 13.1529 6.40312 19.8494 11.4018 19.105 12.2066 18.4391 20.6155 19.9249 7.07107 19.2094 16.0312 18.7883 12.8062 7.28011 9.43398 11.1803 14 9.48683 10.2956 6.08276 7.07107 19.105 8.94427 11 14.4222 22.6716 11.1803 14.1421 1 16.4012 6.08276 10.0499 21.2603 10.4403 11.0454 14.8661 11.4018 9.21954 2.23607 19.2354 17.6918 14.3178 12.0416 13.4536 16.1555 11.4018 14.0357 5.09902 7.81025 21.9317 14.5602 4.12311 14.3178 15.6205 17.8885 18.0278 
16.4012 11.4018 13 8.24621 5.09902 4.47214 7.81025 10.198 13.6015 0 12.1655 21.6333 14.5602 6 8 17.1172 14.3178 6.32456 11.4018 16.0312 13.4164 11.6619 16.2788 16.1245 4.24264 12.6491 12.3693 6.32456 10.2956 2.82843 22.2036 8.06226 9.84886 15.6205 6.7082 17.0294 9.43398 19.8494 12.0416 19.4165 9.48683 21.095 12.6491 14 7.61577 5.83095 20.025 3.16228 5.38516 15.2971 2.23607 7.2111 11.4018 13.6015 16 18.3848 5.09902 13.3417 20.2485 7.28011 5.09902 8.544 12.8062 20.0998 1 14.4222 7.07107 14.0357 20.6155 10.7703 
12.0416 9.48683 15.6525 4 11.4018 8 9.21954 2 17 12.1655 0 15.2315 2.82843 6.32456 15.6205 5 8.06226 10.7703 5.09902 4.12311 4 4.47214 14.0357 4 9.05539 2 5 12.8062 7.61577 10.7703 16.1555 7.81025 6.7082 14.1421 12.0416 5.09902 8.06226 15.2971 3 7.28011 5.83095 14.3178 16.1245 2.82843 12.7279 8.60233 8.06226 12.083 8.06226 5.83095 11.7047 8.48528 15.8114 2.23607 4.47214 10.2956 7.61577 5.09902 11.4018 6.40312 7.07107 13.4536 10.198 8 12.0416 14.5602 5.09902 3.60555 10.6301 2.82843 
5.38516 10.2956 13 17.2047 24.0416 19.799 13.8924 16.1245 14.0357 21.6333 15.2315 0 16.4924 16.9706 18.4391 14.0357 7.81025 24.0832 11.4018 13.1529 18.9737 19.6977 7 14.1421 21.2132 17.088 10.8167 17.088 11.4018 18.868 1 13.6015 12.0416 8 16.1555 13.0384 12.2066 3.16228 12.53 16.0312 12.7279 1 14 12.6491 15.8114 15.8114 13.1529 19.2354 16.4012 9.48683 19.7231 14.4222 15.0333 16.7631 12.1655 5.09902 17.0294 10.2956 5.09902 14.8661 18.3848 15.5242 8.94427 14.1421 22.2036 10 17.0294 11.7047 7.28011 17.8885 
14.0357 12.083 18.3576 6.32456 13.0384 10.198 12.0416 4.47214 19.7231 14.5602 2.82843 16.4924 0 8.94427 18.4391 3.60555 10.0499 12.1655 7.61577 3.60555 2.82843 4.47214 16.2788 2.82843 11.0454 2 7.28011 15.6205 10.2956 13.4164 17.4642 10.6301 9.43398 16.4924 14.8661 4.24264 10.8167 17.0294 5.38516 5 8.60233 15.5242 18.868 4 15.5563 11.4018 6.7082 14.7648 10.8167 7.07107 14.3178 11.3137 18.6011 1 4.47214 11.4018 10.2956 7.07107 12.083 9.21954 9.48683 16.2788 12.6491 6.32456 14.3178 17.088 7.61577 5 10.8167 4 
12.2066 7.61577 12.0416 2.82843 7.07107 2.82843 5 4.47214 13.1529 6 6.32456 16.9706 8.94427 0 10 11.1803 9.21954 7.2111 5.83095 10.0499 8.48528 7.2111 13 10.198 4.24264 7.2111 6.7082 7.2111 5.83095 4.47214 17.6918 4.12311 5 12.6491 6.7082 11.0454 5.38516 15.8114 6.08276 13.6015 4.24264 16.2788 12.1655 8 7.61577 3.16228 14.0357 5.83095 2.23607 9.48683 5.38516 4 11.4018 8.06226 10 13.0384 1.41421 7.61577 14.7648 2.23607 1.41421 8.544 8.94427 14.1421 6.08276 12.1655 1.41421 8.06226 14.8661 5.65685 
13.1529 9.05539 6.40312 12.8062 13.0384 10.7703 6.7082 14.1421 6.40312 8 15.6205 18.4391 18.4391 10 0 19.7231 13.1529 14.1421 12.083 18.3576 18.4391 17.2047 11.7047 18.868 11.4018 16.9706 13 2.82843 9.48683 6.32456 18.6815 8.06226 9.84886 10.7703 3.60555 19.2354 8.544 15.8114 13.8924 22.4722 10.2956 18.2483 5.65685 16.1245 3.16228 7.07107 21.9317 5.09902 7.81025 15.8114 6.08276 7.2111 4.24264 17.6918 17.8885 17.0294 8.60233 13.9284 19.0263 9.21954 10.2956 3 10 22.3607 9 8.94427 11.4018 15.6525 20.2237 15.6205 
12.6491 12.0416 18.4391 9 16.2788 13 13.0384 7 19.8494 17.1172 5 14.0357 3.60555 11.1803 19.7231 0 8.94427 15.5242 7.81025 1.41421 6.40312 8.06226 15.2315 1 14.0357 5.38516 7.07107 17 10.6301 15.5242 15.0333 11.6619 10 15.6525 16.1245 1 11.4018 15.1327 5.83095 2.82843 9.43398 13.0384 19.105 3.60555 16.6433 13 3.16228 16.7631 12.6491 5.38516 16.4924 12.53 19.105 4.47214 2.23607 9 12.3693 6.40312 9.21954 10.7703 12.0416 17.2047 12.2066 3 17.0294 16.6433 10.0499 4.24264 7.61577 7.28011 
4 4.12311 10 9.43398 16.2788 12.0416 7.07107 8.544 11.4018 14.3178 8.06226 7.81025 10.0499 9.21954 13.1529 8.94427 0 16.2788 3.60555 7.61577 12.0416 12.3693 6.32456 8.544 13.4536 10.0499 3.16228 11 4.12311 11.7047 8.60233 6.32456 4.47214 6.7082 10 8.06226 5.09902 7.28011 5.09902 11.6619 5 7.07107 10.8167 6.08276 10.0499 8.544 9.89949 12.3693 8.94427 3.60555 12.6491 7.28011 11.1803 10 6.7082 4.12311 9.43398 3 6.08276 7.2111 10.6301 10.198 3.60555 10.6301 14.7648 7.81025 9.21954 5.09902 7.07107 10.4403 
19.4165 14.7648 18.2483 7.2111 1.41421 4.47214 11.7047 8.94427 19.105 6.32456 10.7703 24.0832 12.1655 7.2111 14.1421 15.5242 16.2788 0 12.7279 14.8661 10 8 20.1246 14.5602 3.16228 10.198 13.4536 12 13.0384 8 24.8395 11.1803 12.2066 19.6977 12.0416 15.8114 12.53 23.0217 12.2066 17.1172 11.4018 23.3452 18.1108 13.4164 13.0384 9.48683 18.6815 9.05539 8.544 15.8114 8.06226 10.7703 17.0294 11.1803 15.2315 19.8494 7.61577 14.2127 21.4009 9.43398 5.83095 14.0357 16.1245 18.4391 5.38516 18.9737 7.07107 13.8924 21.095 8.24621 
7.28011 4.47214 10.8167 5.83095 12.8062 8.60233 5.38516 5.09902 12.2066 11.4018 5.09902 11.4018 7.61577 5.83095 12.083 7.81025 3.60555 12.7279 0 6.40312 9.05539 9.05539 9 7.07107 10 7.07107 1 9.48683 2.82843 9.05539 12.2066 4.12311 2.23607 9.05539 8.544 7.2111 3.60555 10.7703 2.23607 10.6301 2 10.6301 11.4018 4.24264 8.94427 6 9.84886 10 6.08276 4 10.0499 5.09902 11.3137 7.28011 5.83095 7.2111 6.32456 2 8.94427 4.12311 7.2111 9.43398 5.09902 10.2956 11.7047 9.48683 5.65685 3.60555 9.21954 7.07107 
11.4018 10.6301 17.0294 8.06226 15.5242 12.0416 11.6619 6.08276 18.4391 16.0312 4.12311 13.1529 3.60555 10.0499 18.3576 1.41421 7.61577 14.8661 6.40312 0 6.40312 7.81025 13.9284 1 13.1529 5 5.65685 15.6525 9.21954 14.3178 14.1421 10.2956 8.60233 14.3178 14.7648 1 10 14.0357 4.47214 4.24264 8.06226 12.1655 17.6918 2.23607 15.2643 11.7047 4 15.5242 11.4018 4.12311 15.2971 11.1803 17.6918 4.24264 1 8.06226 11.1803 5 8.544 9.48683 11 15.8114 10.8167 4.12311 16 15.2643 9 2.82843 7.2111 6.7082 
16.0312 13.3417 19.3132 5.65685 11.0454 8.94427 12.53 4.47214 20.6155 13.4164 4 18.9737 2.82843 8.48528 18.4391 6.40312 12.0416 10 9.05539 6.40312 0 2 18.0278 5.65685 9.48683 2 9 15.6205 11.4018 12.8062 19.9249 11.1803 10.4403 18.1108 15 7.07107 11.7047 19.2354 7 7.28011 9.48683 18.0278 19.6977 6.32456 15.8114 11.4018 9.43398 14.2127 10.6301 9.48683 13.6015 11.6619 19.2354 2.23607 7.2111 13.9284 9.89949 9.05539 14.7648 9.43398 8.60233 16.6433 14.1421 8.94427 13 18.4391 7.07107 7.28011 13.6015 2.82843 
16.2788 13.0384 18.6815 4.47214 9.05539 7.2111 11.7047 4 19.9249 11.6619 4.47214 19.6977 4.47214 7.2111 17.2047 8.06226 12.3693 8 9.05539 7.81025 2 0 18.0278 7.2111 7.61577 2.82843 9.21954 14.4222 11.0454 11.3137 20.6155 10.4403 10.0499 18 13.8924 8.60233 11.1803 19.6469 7.28011 9.21954 9.05539 18.7883 18.9737 7.2111 14.7648 10.2956 11.1803 12.7279 9.43398 10.2956 12.0416 10.7703 18.3848 3.60555 8.48528 14.7648 8.60233 9.48683 15.8114 8.544 7.07107 15.6525 14 10.7703 11.1803 18.1108 5.83095 8.06226 14.8661 2 
2.82843 5.38516 6 14.3178 19.7231 15.6525 8.60233 14.0357 7.07107 16.2788 14.0357 7 16.2788 13 11.7047 15.2315 6.32456 20.1246 9 13.9284 18.0278 18.0278 0 14.8661 17 16.0312 9.05539 10.8167 7.28011 13.4536 7.07107 8.94427 8.24621 1 10 14.3178 7.61577 4.12311 11.0454 17.8885 9.21954 7.07107 7 12.3693 9.43398 10.8167 15.8114 13.4536 11.6619 9.84886 14.1421 9.43398 8.06226 16.1245 13 7.81025 12.53 9.21954 9.43398 10.7703 14.3178 8.94427 4.12311 16.6433 17.0294 3 13.6015 11.4018 11.4018 16.0312 
12.3693 11.4018 17.8045 8 15.2971 12 12.2066 6 19.2094 16.1245 4 14.1421 2.82843 10.198 18.868 1 8.544 14.5602 7.07107 1 5.65685 7.2111 14.8661 0 13.0384 4.47214 6.40312 16.1245 9.89949 14.5602 15.1327 10.8167 9.21954 15.2315 15.2643 1.41421 10.6301 15.0333 5 3.60555 8.60233 13.1529 18.4391 2.82843 15.8114 12.083 4.12311 15.8114 11.7047 5.09902 15.5242 11.6619 18.3848 3.60555 2 9.05539 11.4018 5.83095 9.48683 9.84886 11.0454 16.4012 11.6619 4 16.0312 16.1245 9.05539 3.60555 8.06226 6.32456 
16.4012 11.6619 15.1327 5.09902 2.82843 1.41421 8.544 7.07107 16.0312 4.24264 9.05539 21.2132 11.0454 4.24264 11.4018 14.0357 13.4536 3.16228 10 13.1529 9.48683 7.61577 17 13.0384 0 9.05539 10.8167 9.05539 10 5.09902 21.9317 8.06226 9.21954 16.5529 9 14.1421 9.43398 20 9.84886 16.0312 8.48528 20.5183 15.0333 11.4018 10 6.32456 17.1172 6.32456 5.38516 13.4164 5.38516 7.61577 14 10.0499 13.3417 17.2047 4.47214 11.6619 18.868 6.40312 2.82843 11 13.0384 17.0294 3.60555 15.8114 4.47214 11.7047 18.7883 7.07107 
14.0357 11.4018 17.4642 4.47214 11.0454 8.24621 10.8167 2.82843 18.7883 12.6491 2 17.088 2 7.2111 16.9706 5.38516 10.0499 10.198 7.07107 5 2 2.82843 16.0312 4.47214 9.05539 0 7 14.1421 9.48683 11.6619 18.0278 9.43398 8.544 16.1245 13.4536 5.83095 9.84886 17.2627 5 7 7.61577 16.1555 17.8885 4.47214 14.2127 9.89949 8.544 13.0384 9.21954 7.61577 12.53 10 17.4929 1 5.65685 12.083 8.60233 7.07107 13.0384 7.81025 7.61577 15 12.1655 8.24621 12.3693 16.4924 5.83095 5.38516 12.0416 2 
7.07107 5 11.4018 6.40312 13.6015 9.43398 6.32456 5.38516 12.8062 12.3693 5 10.8167 7.28011 6.7082 13 7.07107 3.16228 13.4536 1 5.65685 9 9.21954 9.05539 6.40312 10.8167 7 0 10.4403 3.60555 10.0499 11.6619 5.09902 3.16228 9.21954 9.48683 6.40312 4.47214 10.4403 2 9.89949 3 10 12.0416 3.60555 9.84886 7 8.94427 11 7.07107 3 11.0454 6.08276 12.0416 7.07107 5 6.40312 7.28011 1 8.06226 5.09902 8.06226 10.2956 5.38516 9.43398 12.6491 9.84886 6.40312 2.82843 8.24621 7.28011 
11.7047 7.07107 6.7082 10 11.0454 8.24621 4.12311 11.3137 7.28011 6.32456 12.8062 17.088 15.6205 7.2111 2.82843 17 11 12 9.48683 15.6525 15.6205 14.4222 10.8167 16.1245 9.05539 14.1421 10.4403 0 7.07107 4 17.4642 5.38516 7.28011 10 1 16.5529 6.08276 14.7648 11.1803 19.7231 7.61577 16.7631 6.32456 13.4164 1.41421 4.24264 19.3132 3.16228 5 13.3417 4.12311 4.47214 5.09902 14.8661 15.2315 15.0333 5.83095 11.4018 17.0294 6.40312 7.61577 2.23607 8.24621 19.6977 7.28011 8.48528 8.60233 13 18.0278 12.8062 
6.40312 2 8.06226 7.07107 12.8062 8.60233 3 7.07107 9.43398 10.2956 7.61577 11.4018 10.2956 5.83095 9.48683 10.6301 4.12311 13.0384 2.82843 9.21954 11.4018 11.0454 7.28011 9.89949 10 9.48683 3.60555 7.07107 0 7.61577 12.0416 2.23607 1 7.07107 6.08276 10 1 10 5 13.4536 2 10.8167 8.60233 7.07107 6.32456 4.47214 12.53 8.24621 5 6.32456 8.544 3.16228 8.48528 9.84886 8.60233 8.24621 5.65685 4.47214 10.198 3.60555 7.2111 6.7082 3.16228 13.0384 10.8167 7.07107 6.32456 6.40312 11 9.05539 
13.6015 8.60233 10.4403 7.2111 7.07107 4.47214 5 8.94427 11.1803 2.82843 10.7703 18.868 13.4164 4.47214 6.32456 15.5242 11.7047 8 9.05539 14.3178 12.8062 11.3137 13.4536 14.5602 5.09902 11.6619 10.0499 4 7.61577 0 19.4165 5.38516 7.28011 12.8062 4.12311 15.2971 6.7082 17.0294 10.0499 18.0278 7.07107 18.3576 10.198 12.1655 5.09902 3.16228 18.2483 1.41421 3 13.0384 1 4.47214 9.05539 12.53 14.1421 15.8114 3.16228 11.0454 17.72 5 4.24264 6.08276 10 18.4391 3.60555 11.6619 5.83095 12.0416 18.2483 10 
5.83095 10.8167 13.0384 18.0278 24.7588 20.5183 14.4222 17 14 22.2036 16.1555 1 17.4642 17.6918 18.6815 15.0333 8.60233 24.8395 12.2066 14.1421 19.9249 20.6155 7.07107 15.1327 21.9317 18.0278 11.6619 17.4642 12.0416 19.4165 0 14.2127 12.7279 8.06226 16.5529 14.0357 12.8062 3 13.4164 17.0294 13.4536 2 14.0357 13.6015 16.1555 16.4012 14.1421 19.7231 17.0294 10.4403 20.2485 15 15.1327 17.72 13.1529 6.08276 17.6918 11.1803 6.08276 15.5563 19.105 15.8114 9.43398 15.1327 22.8035 10.0499 17.8045 12.6491 8.24621 18.7883 
8.48528 3.60555 8.24621 6.08276 10.8167 6.7082 1.41421 6.7082 9.48683 8.06226 7.81025 13.6015 10.6301 4.12311 8.06226 11.6619 6.32456 11.1803 4.12311 10.2956 11.1803 10.4403 8.94427 10.8167 8.06226 9.43398 5.09902 5.38516 2.23607 5.38516 14.2127 0 2 8.544 4.47214 11.1803 1.41421 12.0416 5.83095 14.4222 2.23607 13.0384 8.544 8.06226 5 2.23607 13.9284 6.08276 2.82843 8.06226 6.32456 1 8.06226 10 9.84886 10.4403 3.60555 6.08276 12.3693 2 5.38516 5.65685 5 14.3178 8.60233 8.06226 5 7.61577 13.0384 8.544 
7.2111 3 8.94427 6.08276 12.0416 7.81025 3.16228 6.08276 10.2956 9.84886 6.7082 12.0416 9.43398 5 9.84886 10 4.47214 12.2066 2.23607 8.60233 10.4403 10.0499 8.24621 9.21954 9.21954 8.544 3.16228 7.28011 1 7.28011 12.7279 2 0 8.06226 6.32456 9.43398 1.41421 10.8167 4.24264 12.8062 1 11.4018 9.43398 6.40312 6.7082 4.12311 12.083 8.06226 4.47214 6.08276 8.24621 3 9.21954 8.94427 8.06226 8.544 5 4.12311 10.4403 2.82843 6.40312 7.2111 4.12311 12.53 10.2956 8.06226 5.38516 5.83095 11.0454 8.06226 
3.60555 5.09902 5 14.1421 19.2354 15.2315 8.06226 14 6.08276 15.6205 14.1421 8 16.4924 12.6491 10.7703 15.6525 6.7082 19.6977 9.05539 14.3178 18.1108 18 1 15.2315 16.5529 16.1245 9.21954 10 7.07107 12.8062 8.06226 8.544 8.06226 0 9.21954 14.7648 7.28011 5.09902 11.1803 18.3576 9.05539 8.06226 6 12.6491 8.60233 10.2956 16.4012 12.7279 11.1803 10.2956 13.4536 8.94427 7.07107 16.2788 13.4164 8.60233 12.083 9.48683 10.2956 10.4403 13.9284 8.06226 4 17.2047 16.4012 2 13.3417 11.7047 12.2066 16 
10.7703 6.08276 6.32456 9.43398 11.1803 8.06226 3.16228 10.6301 7.07107 6.7082 12.0416 16.1555 14.8661 6.7082 3.60555 16.1245 10 12.0416 8.544 14.7648 15 13.8924 10 15.2643 9 13.4536 9.48683 1 6.08276 4.12311 16.5529 4.47214 6.32456 9.21954 0 15.6525 5.09902 13.8924 10.2956 18.868 6.7082 15.8114 6.08276 12.53 1 3.60555 18.3848 3.60555 4.47214 12.3693 4.47214 3.60555 5 14.1421 14.3178 14.0357 5.38516 10.4403 16.0312 5.65685 7.28011 2 7.28011 18.7883 7.61577 7.81025 8.06226 12.083 17.0294 12.2066 
11.7047 11.3137 17.6918 9.05539 16.4924 13.0384 12.53 7.07107 19.105 17.0294 5.09902 13.0384 4.24264 11.0454 19.2354 1 8.06226 15.8114 7.2111 1 7.07107 8.60233 14.3178 1.41421 14.1421 5.83095 6.40312 16.5529 10 15.2971 14.0357 11.1803 9.43398 14.7648 15.6525 0 10.8167 14.1421 5.38516 3.60555 8.94427 12.0416 18.3848 3.16228 16.1245 12.6491 3 16.4924 12.3693 4.47214 16.2788 12.083 18.4391 5 1.41421 8 12.1655 5.65685 8.24621 10.4403 12 16.6433 11.4018 3.16228 17 15.8114 10 3.60555 6.7082 7.61577 
7.07107 2.23607 7.61577 7 12.2066 8.06226 2 7.28011 8.94427 9.43398 8.06226 12.2066 10.8167 5.38516 8.544 11.4018 5.09902 12.53 3.60555 10 11.7047 11.1803 7.61577 10.6301 9.43398 9.84886 4.47214 6.08276 1 6.7082 12.8062 1.41421 1.41421 7.28011 5.09902 10.8167 0 10.6301 5.65685 14.2127 2.23607 11.6619 8.06226 7.81025 5.38516 3.60555 13.4164 7.28011 4.24264 7.28011 7.61577 2.23607 7.81025 10.2956 9.43398 9.21954 5 5.38516 11.1803 3.16228 6.7082 5.83095 3.60555 13.8924 10 7 6.08276 7.2111 12 9.21954 
3.60555 8.48528 10.0499 16.5529 22.8035 18.6011 12.0416 15.8114 11 19.8494 15.2971 3.16228 17.0294 15.8114 15.8114 15.1327 7.28011 23.0217 10.7703 14.0357 19.2354 19.6469 4.12311 15.0333 20 17.2627 10.4403 14.7648 10 17.0294 3 12.0416 10.8167 5.09902 13.8924 14.1421 10.6301 0 12.3693 17.4642 11.6619 3.60555 11.0454 13.0384 13.4164 14.1421 14.8661 17.2047 14.8661 10 17.8045 12.7279 12.1655 17.1172 13.0384 6.32456 15.6205 10.198 7.2111 13.6015 17.2047 13 7.07107 15.8114 20.5183 7.07107 16.1245 12.0416 9.43398 17.72 
9.05539 6.7082 13.0384 5 12.53 8.544 7.2111 3.60555 14.4222 12.0416 3 12.53 5.38516 6.08276 13.8924 5.83095 5.09902 12.2066 2.23607 4.47214 7 7.28011 11.0454 5 9.84886 5 2 11.1803 5 10.0499 13.4164 5.83095 4.24264 11.1803 10.2956 5.38516 5.65685 12.3693 0 8.60233 3.60555 11.6619 13.6015 2.23607 10.8167 7.28011 8.24621 11.1803 7.07107 3.60555 11.0454 6.7082 13.4536 5.09902 4.12311 7.81025 7 2.23607 9.21954 5.09902 7.28011 11.4018 7.28011 8.544 12.1655 11.7047 5.38516 2 8.94427 5.38516 
15.2315 14.8661 21.2603 11.1803 18.0278 15.1327 15.8114 9.21954 22.6716 19.4165 7.28011 16.0312 5 13.6015 22.4722 2.82843 11.6619 17.1172 10.6301 4.24264 7.28011 9.21954 17.8885 3.60555 16.0312 7 9.89949 19.7231 13.4536 18.0278 17.0294 14.4222 12.8062 18.3576 18.868 3.60555 14.2127 17.4642 8.60233 0 12.2066 15.0333 21.9317 6.40312 19.4165 15.6525 3.16228 19.3132 15.2315 8.06226 18.9737 15.2643 21.9317 6 5 11.1803 14.8661 9.21954 11 13.4164 14.3178 20 15 2.23607 19.2354 19.4165 12.3693 7.07107 9.05539 9 
8.06226 4 9.84886 5.09902 11.3137 7.07107 3.60555 5.09902 11.1803 9.48683 5.83095 12.7279 8.60233 4.24264 10.2956 9.43398 5 11.4018 2 8.06226 9.48683 9.05539 9.21954 8.60233 8.48528 7.61577 3 7.61577 2 7.07107 13.4536 2.23607 1 9.05539 6.7082 8.94427 2.23607 11.6619 3.60555 12.2066 0 12.0416 10.2956 5.83095 7.2111 4 11.7047 8 4.12311 6 8.06226 3.16228 10 8.06226 7.61577 8.94427 4.47214 4 10.7703 2.23607 5.65685 7.81025 5.09902 12.083 9.84886 9.05539 4.47214 5.38516 11.1803 7.07107 
5.09902 9.84886 13.0384 16.4012 23.3452 19.105 13.4164 15.2643 14.1421 21.095 14.3178 1 15.5242 16.2788 18.2483 13.0384 7.07107 23.3452 10.6301 12.1655 18.0278 18.7883 7.07107 13.1529 20.5183 16.1555 10 16.7631 10.8167 18.3576 2 13.0384 11.4018 8.06226 15.8114 12.0416 11.6619 3.60555 11.6619 15.0333 12.0416 0 14.0357 11.7047 15.5242 15.2643 12.1655 18.7883 15.8114 8.544 19.2354 13.8924 15 15.8114 11.1803 4.12311 16.4012 9.43398 4.12311 14.2127 17.6918 15.2971 8.544 13.1529 21.6333 10.0499 16.2788 10.7703 6.32456 17 
9.21954 7.07107 1 14.5602 17.2627 14 7.28011 15.2315 1 12.6491 16.1245 14 18.868 12.1655 5.65685 19.105 10.8167 18.1108 11.4018 17.6918 19.6977 18.9737 7 18.4391 15.0333 17.8885 12.0416 6.32456 8.60233 10.198 14.0357 8.544 9.43398 6 6.08276 18.3848 8.06226 11.0454 13.6015 21.9317 10.2956 14.0357 0 15.6205 5.09902 9.05539 20.6155 9.48683 10.0499 14.2127 10.4403 8.24621 1.41421 18.3576 16.9706 13.9284 11.0454 12.7279 15.8114 10.4403 13.0384 4.12311 7.2111 21.2603 13.6015 4 13.3417 14.8661 17.4642 17.088 
10.0499 8.60233 15 6.32456 13.9284 10.198 9.43398 4.47214 16.4012 14 2.82843 12.6491 4 8 16.1245 3.60555 6.08276 13.4164 4.24264 2.23607 6.32456 7.2111 12.3693 2.82843 11.4018 4.47214 3.60555 13.4164 7.07107 12.1655 13.6015 8.06226 6.40312 12.6491 12.53 3.16228 7.81025 13.0384 2.23607 6.40312 5.83095 11.7047 15.6205 0 13.0384 9.48683 6.08276 13.3417 9.21954 3.16228 13.1529 8.94427 15.5563 4.12311 2 7.61577 9.05539 3.16228 8.60233 7.28011 9.05539 13.6015 8.94427 6.32456 14.0357 13.4164 7.07107 1 7.81025 5.65685 
10.4403 6 5.38516 10.2956 12.1655 9.05539 3.60555 11.4018 6.08276 7.61577 12.7279 15.8114 15.5563 7.61577 3.16228 16.6433 10.0499 13.0384 8.94427 15.2643 15.8114 14.7648 9.43398 15.8114 10 14.2127 9.84886 1.41421 6.32456 5.09902 16.1555 5 6.7082 8.60233 1 16.1245 5.38516 13.4164 10.8167 19.4165 7.2111 15.5242 5.09902 13.0384 0 4.47214 18.7883 4.47214 5.38516 12.6491 5.38516 4.24264 4 14.8661 14.7648 14 6.32456 10.7703 16 6.40312 8.24621 1 7.07107 19.2354 8.544 7.07107 8.94427 12.53 17.1172 13.0384 
10.6301 5.65685 9 5.83095 8.94427 5.09902 2.23607 7.07107 10.0499 5.83095 8.60233 15.8114 11.4018 3.16228 7.07107 13 8.544 9.48683 6 11.7047 11.4018 10.2956 10.8167 12.083 6.32456 9.89949 7 4.24264 4.47214 3.16228 16.4012 2.23607 4.12311 10.2956 3.60555 12.6491 3.60555 14.1421 7.28011 15.6525 4 15.2643 9.05539 9.48683 4.47214 0 15.5242 4 1 10 4.12311 1.41421 8.24621 10.6301 11.4018 12.6491 2 8 14.5602 2.23607 4 5.38516 7.07107 15.8114 6.40312 9.48683 4.47214 9.21954 15.1327 8.60233 
13.0384 13.6015 19.8494 12.0416 19.4165 16.0312 15.2315 10.0499 21.2603 20.025 8.06226 13.1529 6.7082 14.0357 21.9317 3.16228 9.89949 18.6815 9.84886 4 9.43398 11.1803 15.8114 4.12311 17.1172 8.544 8.94427 19.3132 12.53 18.2483 14.1421 13.9284 12.083 16.4012 18.3848 3 13.4164 14.8661 8.24621 3.16228 11.7047 12.1655 20.6155 6.08276 18.7883 15.5242 0 19.4165 15.2971 6.40312 19.2354 14.8661 20.8087 7.61577 4.12311 8.544 15.1327 8.06226 8.06226 13.3417 15 19.2354 13.4536 1 20 17.6918 13 6.32456 6 10.4403 
13.8924 8.94427 9.84886 8.60233 8 5.83095 5.38516 10.2956 10.4403 3.16228 12.083 19.2354 14.7648 5.83095 5.09902 16.7631 12.3693 9.05539 10 15.5242 14.2127 12.7279 13.4536 15.8114 6.32456 13.0384 11 3.16228 8.24621 1.41421 19.7231 6.08276 8.06226 12.7279 3.60555 16.4924 7.28011 17.2047 11.1803 19.3132 8 18.7883 9.48683 13.3417 4.47214 4 19.4165 0 4.12311 14 1 5.09902 8.24621 13.8924 15.2971 16.4924 4.47214 12 18.4391 6.08276 5.65685 5.38516 10.2956 19.6469 4.12311 11.4018 7.2111 13.1529 19.105 11.4018 
11.3137 6.40312 10 5 8.06226 4.12311 3.16228 6.40312 11.0454 5.38516 8.06226 16.4012 10.8167 2.23607 7.81025 12.6491 8.94427 8.544 6.08276 11.4018 10.6301 9.43398 11.6619 11.7047 5.38516 9.21954 7.07107 5 5 3 17.0294 2.82843 4.47214 11.1803 4.47214 12.3693 4.24264 14.8661 7.07107 15.2315 4.12311 15.8114 10.0499 9.21954 5.38516 1 15.2971 4.12311 0 10.0499 4 2.23607 9.21954 10 11.1803 13 1 8.06226 14.8661 2 3 6.32456 7.81025 15.5242 5.83095 10.4403 3.60555 9.05539 15.2971 7.81025 
7.28011 7.2111 13.4536 8.60233 16.1245 12.083 9.21954 7.07107 14.8661 15.2971 5.83095 9.48683 7.07107 9.48683 15.8114 5.38516 3.60555 15.8114 4 4.12311 9.48683 10.2956 9.84886 5.09902 13.4164 7.61577 3 13.3417 6.32456 13.0384 10.4403 8.06226 6.08276 10.2956 12.3693 4.47214 7.28011 10 3.60555 8.06226 6 8.544 14.2127 3.16228 12.6491 10 6.40312 14 10.0499 0 14.0357 9.05539 14.4222 7.28011 3.16228 4.47214 10.198 2 5.65685 8.06226 10.7703 13 7.07107 7.07107 15.5242 11.4018 8.94427 2.23607 5.38516 8.60233 
14.4222 9.43398 10.7703 8.06226 7 5 5.83095 9.84886 11.4018 2.23607 11.7047 19.7231 14.3178 5.38516 6.08276 16.4924 12.6491 8.06226 10.0499 15.2971 13.6015 12.0416 14.1421 15.5242 5.38516 12.53 11.0454 4.12311 8.544 1 20.2485 6.32456 8.24621 13.4536 4.47214 16.2788 7.61577 17.8045 11.0454 18.9737 8.06226 19.2354 10.4403 13.1529 5.38516 4.12311 19.2354 1 4 14.0357 0 5.38516 9.21954 13.4164 15.1327 16.7631 4.12311 12.0416 18.6815 6 5 6.32456 10.8167 19.4165 3.16228 12.2066 6.7082 13.0384 19.2354 10.8167 
9.21954 4.24264 8.06226 6.32456 10.2956 6.32456 1 7.2111 9.21954 7.2111 8.48528 14.4222 11.3137 4 7.2111 12.53 7.28011 10.7703 5.09902 11.1803 11.6619 10.7703 9.43398 11.6619 7.61577 10 6.08276 4.47214 3.16228 4.47214 15 1 3 8.94427 3.60555 12.083 2.23607 12.7279 6.7082 15.2643 3.16228 13.8924 8.24621 8.94427 4.24264 1.41421 14.8661 5.09902 2.23607 9.05539 5.38516 0 7.61577 10.6301 10.7703 11.4018 3.16228 7.07107 13.3417 2.23607 5.09902 5 5.65685 15.2315 7.81025 8.24621 5.09902 8.544 14.0357 8.94427 
10.0499 7.2111 2.23607 13.9284 16.1245 13.0384 6.7082 14.7648 2.23607 11.4018 15.8114 15.0333 18.6011 11.4018 4.24264 19.105 11.1803 17.0294 11.3137 17.6918 19.2354 18.3848 8.06226 18.3848 14 17.4929 12.0416 5.09902 8.48528 9.05539 15.1327 8.06226 9.21954 7.07107 5 18.4391 7.81025 12.1655 13.4536 21.9317 10 15 1.41421 15.5563 4 8.24621 20.8087 8.24621 9.21954 14.4222 9.21954 7.61577 0 18.0278 17.0294 14.5602 10.198 12.8062 16.4924 9.84886 12.1655 3 7.61577 21.4009 12.3693 5.09902 12.6491 14.8661 18.0278 16.5529 
14 11.7047 17.8885 5.38516 12.0416 9.21954 11.4018 3.60555 19.2354 13.6015 2.23607 16.7631 1 8.06226 17.6918 4.47214 10 11.1803 7.28011 4.24264 2.23607 3.60555 16.1245 3.60555 10.0499 1 7.07107 14.8661 9.84886 12.53 17.72 10 8.94427 16.2788 14.1421 5 10.2956 17.1172 5.09902 6 8.06226 15.8114 18.3576 4.12311 14.8661 10.6301 7.61577 13.8924 10 7.28011 13.4164 10.6301 18.0278 0 5 11.7047 9.43398 7 12.53 8.48528 8.544 15.6205 12.3693 7.28011 13.3417 16.7631 6.7082 5.09902 11.4018 3 
10.4403 9.89949 16.2788 8.24621 15.8114 12.1655 11.1803 6.32456 17.6918 16 4.47214 12.1655 4.47214 10 17.8885 2.23607 6.7082 15.2315 5.83095 1 7.2111 8.48528 13 2 13.3417 5.65685 5 15.2315 8.60233 14.1421 13.1529 9.84886 8.06226 13.4164 14.3178 1.41421 9.43398 13.0384 4.12311 5 7.61577 11.1803 16.9706 2 14.7648 11.4018 4.12311 15.2971 11.1803 3.16228 15.1327 10.7703 17.0294 5 0 7.07107 11.0454 4.24264 7.61577 9.21954 11.0454 15.2643 10 4.47214 16.0312 14.4222 9.05539 2.23607 6.40312 7.2111 
5 8 13 12.7279 20 15.8114 11.1803 11.4018 14.3178 18.3848 10.2956 5.09902 11.4018 13.0384 17.0294 9 4.12311 19.8494 7.2111 8.06226 13.9284 14.7648 7.81025 9.05539 17.2047 12.083 6.40312 15.0333 8.24621 15.8114 6.08276 10.4403 8.544 8.60233 14.0357 8 9.21954 6.32456 7.81025 11.1803 8.94427 4.12311 13.9284 7.61577 14 12.6491 8.544 16.4924 13 4.47214 16.7631 11.4018 14.5602 11.7047 7.07107 0 13.4164 5.65685 2 11.1803 14.4222 14.0357 7.07107 9.48683 18.7883 10.2956 12.8062 6.7082 3.60555 13.0384 
12.0416 7.2111 11 4.24264 7.2111 3.16228 4.12311 5.83095 12.0416 5.09902 7.61577 17.0294 10.2956 1.41421 8.60233 12.3693 9.43398 7.61577 6.32456 11.1803 9.89949 8.60233 12.53 11.4018 4.47214 8.60233 7.28011 5.83095 5.65685 3.16228 17.6918 3.60555 5 12.083 5.38516 12.1655 5 15.6205 7 14.8661 4.47214 16.4012 11.0454 9.05539 6.32456 2 15.1327 4.47214 1 10.198 4.12311 3.16228 10.198 9.43398 11.0454 13.4164 0 8.24621 15.2315 2.23607 2 7.28011 8.60233 15.2971 5.38516 11.4018 2.82843 9 15.5242 7.07107 
7 5.65685 12.0416 7.07107 14.4222 10.2956 7.28011 5.83095 13.4536 13.3417 5.09902 10.2956 7.07107 7.61577 13.9284 6.40312 3 14.2127 2 5 9.05539 9.48683 9.21954 5.83095 11.6619 7.07107 1 11.4018 4.47214 11.0454 11.1803 6.08276 4.12311 9.48683 10.4403 5.65685 5.38516 10.198 2.23607 9.21954 4 9.43398 12.7279 3.16228 10.7703 8 8.06226 12 8.06226 2 12.0416 7.07107 12.8062 7 4.24264 5.65685 8.24621 0 7.2111 6.08276 8.94427 11.1803 5.83095 8.60233 13.6015 10.2956 7.2111 2.23607 7.28011 7.61577 
6.7082 10 14.8661 14.2127 21.6333 17.4929 13.1529 12.7279 16.1555 20.2485 11.4018 5.09902 12.083 14.7648 19.0263 9.21954 6.08276 21.4009 8.94427 8.544 14.7648 15.8114 9.43398 9.48683 18.868 13.0384 8.06226 17.0294 10.198 17.72 6.08276 12.3693 10.4403 10.2956 16.0312 8.24621 11.1803 7.2111 9.21954 11 10.7703 4.12311 15.8114 8.60233 16 14.5602 8.06226 18.4391 14.8661 5.65685 18.6815 13.3417 16.4924 12.53 7.61577 2 15.2315 7.2111 0 13 16.1245 16.0312 9.05539 9.05539 20.6155 12.083 14.4222 7.81025 2.23607 14.2127 
10 5.38516 10.198 4.12311 9.21954 5 3.16228 5 11.4018 7.28011 6.40312 14.8661 9.21954 2.23607 9.21954 10.7703 7.2111 9.43398 4.12311 9.48683 9.43398 8.544 10.7703 9.84886 6.40312 7.81025 5.09902 6.40312 3.60555 5 15.5563 2 2.82843 10.4403 5.65685 10.4403 3.16228 13.6015 5.09902 13.4164 2.23607 14.2127 10.4403 7.28011 6.40312 2.23607 13.3417 6.08276 2 8.06226 6 2.23607 9.84886 8.48528 9.21954 11.1803 2.23607 6.08276 13 0 3.60555 7.2111 6.7082 13.6015 7.61577 10.0499 3 7.07107 13.3417 6.7082 
13.6015 8.94427 13 3.16228 5.65685 1.41421 6.08276 5.09902 14.0357 5.09902 7.07107 18.3848 9.48683 1.41421 10.2956 12.0416 10.6301 5.83095 7.2111 11 8.60233 7.07107 14.3178 11.0454 2.82843 7.61577 8.06226 7.61577 7.2111 4.24264 19.105 5.38516 6.40312 13.9284 7.28011 12 6.7082 17.2047 7.28011 14.3178 5.65685 17.6918 13.0384 9.05539 8.24621 4 15 5.65685 3 10.7703 5 5.09902 12.1655 8.544 11.0454 14.4222 2 8.94427 16.1245 3.60555 0 9.21954 10.2956 15.0333 5 13.3417 2 9.21954 16.1555 5.83095 
10.198 6.08276 4.47214 11.1803 13.1529 10.0499 4.24264 12.2066 5.09902 8.544 13.4536 15.5242 16.2788 8.544 3 17.2047 10.198 14.0357 9.43398 15.8114 16.6433 15.6525 8.94427 16.4012 11 15 10.2956 2.23607 6.7082 6.08276 15.8114 5.65685 7.2111 8.06226 2 16.6433 5.83095 13 11.4018 20 7.81025 15.2971 4.12311 13.6015 1 5.38516 19.2354 5.38516 6.32456 13 6.32456 5 3 15.6205 15.2643 14.0357 7.28011 11.1803 16.0312 7.2111 9.21954 0 7 19.7231 9.48683 6.40312 9.84886 13.0384 17.2627 13.8924 
3.60555 1.41421 6.40312 10.198 15.8114 11.6619 5 10 7.81025 12.8062 10.198 8.94427 12.6491 8.94427 10 12.2066 3.60555 16.1245 5.09902 10.8167 14.1421 14 4.12311 11.6619 13.0384 12.1655 5.38516 8.24621 3.16228 10 9.43398 5 4.12311 4 7.28011 11.4018 3.60555 7.07107 7.28011 15 5.09902 8.544 7.2111 8.94427 7.07107 7.07107 13.4536 10.2956 7.81025 7.07107 10.8167 5.65685 7.61577 12.3693 10 7.07107 8.60233 5.83095 9.05539 6.7082 10.2956 7 0 14.1421 13.4536 4.47214 9.48683 8.06226 10.4403 12 
13.8924 14.2127 20.5183 12 19.2354 16 15.6525 10 21.9317 20.0998 8 14.1421 6.32456 14.1421 22.3607 3 10.6301 18.4391 10.2956 4.12311 8.94427 10.7703 16.6433 4 17.0294 8.24621 9.43398 19.6977 13.0384 18.4391 15.1327 14.3178 12.53 17.2047 18.7883 3.16228 13.8924 15.8114 8.544 2.23607 12.083 13.1529 21.2603 6.32456 19.2354 15.8114 1 19.6469 15.5242 7.07107 19.4165 15.2315 21.4009 7.28011 4.47214 9.48683 15.2971 8.60233 9.05539 13.6015 15.0333 19.7231 14.1421 0 20.025 18.4391 13.0384 6.7082 7 10.198 
17.0294 12.0416 13.9284 8.06226 4.12311 4.12311 8.48528 10.0499 14.5602 1 12.0416 22.2036 14.3178 6.08276 9 17.0294 14.7648 5.38516 11.7047 16 13 11.1803 17.0294 16.0312 3.60555 12.3693 12.6491 7.28011 10.8167 3.60555 22.8035 8.60233 10.2956 16.4012 7.61577 17 10 20.5183 12.1655 19.2354 9.84886 21.6333 13.6015 14.0357 8.544 6.40312 20 4.12311 5.83095 15.5242 3.16228 7.81025 12.3693 13.3417 16.0312 18.7883 5.38516 13.6015 20.6155 7.61577 5 9.48683 13.4536 20.025 0 15.2643 7 14.1421 20.8806 10.4403 
5.38516 5.09902 3 14 18.3848 14.5602 7.28011 14.1421 4.12311 14.4222 14.5602 10 17.088 12.1655 8.94427 16.6433 7.81025 18.9737 9.48683 15.2643 18.4391 18.1108 3 16.1245 15.8114 16.4924 9.84886 8.48528 7.07107 11.6619 10.0499 8.06226 8.06226 2 7.81025 15.8114 7 7.07107 11.7047 19.4165 9.05539 10.0499 4 13.4164 7.07107 9.48683 17.6918 11.4018 10.4403 11.4018 12.2066 8.24621 5.09902 16.7631 14.4222 10.2956 11.4018 10.2956 12.083 10.0499 13.3417 6.40312 4.47214 18.4391 15.2643 0 13.0384 12.53 13.8924 16.1245 
12.53 8.24621 13.1529 1.41421 7.2111 3.16228 6.08276 3.16228 14.3178 7.07107 5.09902 17.0294 7.61577 1.41421 11.4018 10.0499 9.21954 7.07107 5.65685 9 7.07107 5.83095 13.6015 9.05539 4.47214 5.83095 6.40312 8.60233 6.32456 5.83095 17.8045 5 5.38516 13.3417 8.06226 10 6.08276 16.1245 5.38516 12.3693 4.47214 16.2788 13.3417 7.07107 8.94427 4.47214 13 7.2111 3.60555 8.94427 6.7082 5.09902 12.6491 6.7082 9.05539 12.8062 2.82843 7.2111 14.4222 3 2 9.84886 9.48683 13.0384 7 13.0384 0 7.28011 14.3178 4.24264 
9.05539 7.81025 14.2127 6.7082 14.3178 10.4403 8.94427 5 15.6205 14.0357 3.60555 11.7047 5 8.06226 15.6525 4.24264 5.09902 13.8924 3.60555 2.82843 7.28011 8.06226 11.4018 3.60555 11.7047 5.38516 2.82843 13 6.40312 12.0416 12.6491 7.61577 5.83095 11.7047 12.083 3.60555 7.2111 12.0416 2 7.07107 5.38516 10.7703 14.8661 1 12.53 9.21954 6.32456 13.1529 9.05539 2.23607 13.0384 8.544 14.8661 5.09902 2.23607 6.7082 9 2.23607 7.81025 7.07107 9.21954 13.0384 8.06226 6.7082 14.1421 12.53 7.28011 0 7.2111 6.40312 
8.60233 11.1803 16.5529 13.8924 21.4709 17.4642 14 12.2066 17.8885 20.6155 10.6301 7.28011 10.8167 14.8661 20.2237 7.61577 7.07107 21.095 9.21954 7.2111 13.6015 14.8661 11.4018 8.06226 18.7883 12.0416 8.24621 18.0278 11 18.2483 8.24621 13.0384 11.0454 12.2066 17.0294 6.7082 12 9.43398 8.94427 9.05539 11.1803 6.32456 17.4642 7.81025 17.1172 15.1327 6 19.105 15.2971 5.38516 19.2354 14.0357 18.0278 11.4018 6.40312 3.60555 15.5242 7.28011 2.23607 13.3417 16.1555 17.2627 10.4403 7 20.8806 13.8924 14.3178 7.2111 0 13.4536 
14.3178 11.0454 16.7631 2.82843 9.05539 6.32456 9.84886 2 18.0278 10.7703 2.82843 17.8885 4 5.65685 15.6205 7.28011 10.4403 8.24621 7.07107 6.7082 2.82843 2 16.0312 6.32456 7.07107 2 7.28011 12.8062 9.05539 10 18.7883 8.544 8.06226 16 12.2066 7.61577 9.21954 17.72 5.38516 9 7.07107 17 17.088 5.65685 13.0384 8.60233 10.4403 11.4018 7.81025 8.60233 10.8167 8.94427 16.5529 3 7.2111 13.0384 7.07107 7.61577 14.2127 6.7082 5.83095 13.8924 12 10.198 10.4403 16.1245 4.24264 6.40312 13.4536 0 
